-------------------------------------------------------------
----------------------- !PROPERTIES! ------------------------
-------------------------------------------------------------
# -----------------------------------------------------------
$ PAL_Flags
   description: The PAL Flags
   geom. index: 1
   prop. index: 1
        Diskflag:     2
# -----------------------------------------------------------
$ SCF_Energy
   description: The SCF energy
   geom. index: 1
   prop. index: 1
        SCF Energy:     -399.1016848266
# -----------------------------------------------------------
$ DFT_Energy
   description: The DFT energy
   geom. index: 1
   prop. index: 1
   Number of Alpha Electrons                 28.0000125100 
   Number of Beta  Electrons                 28.0000125100 
   Total number of  Electrons                56.0000250200 
   Exchange energy                          -37.3808557763 
   Correlation energy                        -1.8823292697 
   Correlation energy NL                      0.0000000000 
   Exchange-Correlation energy              -39.2631850460 
   Embedding correction                       0.0000000000 
   Total DFT Energy (No VdW correction)    -399.1016848266 
# -----------------------------------------------------------
$ Solvation_Details
   description: Details concerning solvation
   geom. index: 1
   prop. index: 1
     Epsilon:               78.3600000000
     Refrac:                 1.3300000000
     RSolv:                  1.3000000000
     Surface Type:                      2
     Number of Points:               1039
     Surface Area:         482.0166144436
     Dielectric Energy:     -0.0432266986
# -----------------------------------------------------------
$ Mayer_Pop
   description: The Mayer population analysis
   geom. index: 1
   prop. index: 1
     Number of atoms                     : 14
     Threshold for printing              : 0.1000000
     Number of bond orders printed       : 14
  NA   - Mulliken gross atomic population
  ZA   - Total nuclear charge
  QA   - Mulliken gross atomic charge
  VA   - Mayer's total valence
  BVA  - Mayer's bonded valence
  FA   - Mayer's free valence
  ATOM       NA         ZA         QA         VA         BVA        FA
  0   0     8.5875     8.0000    -0.5875     1.8263     1.8263    -0.0000
  1   0     7.4438     7.0000    -0.4438     3.2156     3.2156     0.0000
  2   0     6.0455     6.0000    -0.0455     3.8241     3.8241    -0.0000
  3   0     6.0074     6.0000    -0.0074     4.0078     4.0078    -0.0000
  4   0     0.8850     1.0000     0.1150     0.9835     0.9835    -0.0000
  5   0     0.8846     1.0000     0.1154     0.9833     0.9833    -0.0000
  6   0     0.9005     1.0000     0.0995     0.9640     0.9640    -0.0000
  7   0     0.9007     1.0000     0.0993     0.9641     0.9641    -0.0000
  8   0     0.7231     1.0000     0.2769     0.9270     0.9270     0.0000
  9   0     0.7231     1.0000     0.2769     0.9271     0.9271    -0.0000
 10   0     0.6257     1.0000     0.3743     0.8727     0.8727     0.0000
 11   0     8.3883     8.0000    -0.3883     2.0892     2.0892     0.0000
 12   0     5.5027     6.0000     0.4973     4.3387     4.3387    -0.0000
 13   0     8.3822     8.0000    -0.3822     2.0984     2.0984     0.0000
      Bond orders larger than 0.1000000
           Atom A     A.N. of A          Atom B    A.N. of B              Bond order
                0             8               3            6                1.000466
                0             8              10            1                0.856519
                1             7               2            6                0.965362
                1             7               8            1                0.903443
                1             7               9            1                0.903459
                1             7              12            6                0.415270
                2             6               3            6                1.015542
                2             6               4            1                0.952206
                2             6               5            1                0.951981
                3             6               6            1                0.969629
                3             6               7            1                0.969612
               11             8              12            6                1.955127
               11             8              13            8                0.121781
               12             6              13            8                1.955031
# -----------------------------------------------------------
$ Hessian
   description: Details about the Hessian
   geom. index: 1
   prop. index: 1
Normal modes:
Number of Rows: 42 Number of Columns: 42
                  0          1          2          3          4          5    
      0       0.000000   0.000000   0.000000   0.000000   0.000000   0.000000
      1       0.000000   0.000000   0.000000   0.000000   0.000000   0.000000
      2       0.000000   0.000000   0.000000   0.000000   0.000000   0.000000
      3       0.000000   0.000000   0.000000   0.000000   0.000000   0.000000
      4       0.000000   0.000000   0.000000   0.000000   0.000000   0.000000
      5       0.000000   0.000000   0.000000   0.000000   0.000000   0.000000
      6       0.000000   0.000000   0.000000   0.000000   0.000000   0.000000
      7       0.000000   0.000000   0.000000   0.000000   0.000000   0.000000
      8       0.000000   0.000000   0.000000   0.000000   0.000000   0.000000
      9       0.000000   0.000000   0.000000   0.000000   0.000000   0.000000
     10       0.000000   0.000000   0.000000   0.000000   0.000000   0.000000
     11       0.000000   0.000000   0.000000   0.000000   0.000000   0.000000
     12       0.000000   0.000000   0.000000   0.000000   0.000000   0.000000
     13       0.000000   0.000000   0.000000   0.000000   0.000000   0.000000
     14       0.000000   0.000000   0.000000   0.000000   0.000000   0.000000
     15       0.000000   0.000000   0.000000   0.000000   0.000000   0.000000
     16       0.000000   0.000000   0.000000   0.000000   0.000000   0.000000
     17       0.000000   0.000000   0.000000   0.000000   0.000000   0.000000
     18       0.000000   0.000000   0.000000   0.000000   0.000000   0.000000
     19       0.000000   0.000000   0.000000   0.000000   0.000000   0.000000
     20       0.000000   0.000000   0.000000   0.000000   0.000000   0.000000
     21       0.000000   0.000000   0.000000   0.000000   0.000000   0.000000
     22       0.000000   0.000000   0.000000   0.000000   0.000000   0.000000
     23       0.000000   0.000000   0.000000   0.000000   0.000000   0.000000
     24       0.000000   0.000000   0.000000   0.000000   0.000000   0.000000
     25       0.000000   0.000000   0.000000   0.000000   0.000000   0.000000
     26       0.000000   0.000000   0.000000   0.000000   0.000000   0.000000
     27       0.000000   0.000000   0.000000   0.000000   0.000000   0.000000
     28       0.000000   0.000000   0.000000   0.000000   0.000000   0.000000
     29       0.000000   0.000000   0.000000   0.000000   0.000000   0.000000
     30       0.000000   0.000000   0.000000   0.000000   0.000000   0.000000
     31       0.000000   0.000000   0.000000   0.000000   0.000000   0.000000
     32       0.000000   0.000000   0.000000   0.000000   0.000000   0.000000
     33       0.000000   0.000000   0.000000   0.000000   0.000000   0.000000
     34       0.000000   0.000000   0.000000   0.000000   0.000000   0.000000
     35       0.000000   0.000000   0.000000   0.000000   0.000000   0.000000
     36       0.000000   0.000000   0.000000   0.000000   0.000000   0.000000
     37       0.000000   0.000000   0.000000   0.000000   0.000000   0.000000
     38       0.000000   0.000000   0.000000   0.000000   0.000000   0.000000
     39       0.000000   0.000000   0.000000   0.000000   0.000000   0.000000
     40       0.000000   0.000000   0.000000   0.000000   0.000000   0.000000
     41       0.000000   0.000000   0.000000   0.000000   0.000000   0.000000
                  6          7          8          9         10         11    
      0       0.117260  -0.003021   0.006079  -0.160545  -0.007152   0.000816
      1      -0.003862  -0.067371   0.210738   0.023094  -0.167234  -0.037400
      2      -0.019345  -0.003867   0.004545  -0.280825  -0.009494  -0.001169
      3       0.231790   0.000526  -0.010327  -0.073034  -0.006603   0.001910
      4      -0.016714   0.051078  -0.252175   0.001080  -0.171319   0.035432
      5       0.238500   0.001685  -0.005283   0.285445  -0.000131   0.006325
      6       0.102158  -0.007201  -0.012091  -0.142856   0.000908  -0.003978
      7      -0.009227  -0.175506  -0.270527  -0.000556   0.120679   0.003881
      8       0.105223  -0.004900  -0.006833   0.175061   0.004709  -0.003849
      9       0.145110   0.004617   0.001217   0.009936   0.005557  -0.005467
     10      -0.005086   0.123134   0.018548  -0.005941   0.194291  -0.065554
     11       0.006061   0.004777   0.000032  -0.029446   0.004580  -0.008626
     12       0.065012  -0.014569  -0.092129  -0.215631  -0.144173   0.033874
     13      -0.013820  -0.367778  -0.366909  -0.001911   0.188245   0.025628
     14       0.081674  -0.288886  -0.158572   0.165692   0.090220   0.032970
     15       0.065255  -0.015812   0.057381  -0.223847   0.146375  -0.048220
     16      -0.003721  -0.386180  -0.381816   0.006235   0.183735   0.030774
     17       0.086315   0.265902   0.137276   0.166782  -0.077449  -0.038864
     18       0.159854   0.043371   0.190583   0.147037  -0.113239  -0.018492
     19      -0.003485   0.294308   0.050290  -0.019642   0.341995  -0.092060
     20       0.015368   0.262594   0.063068  -0.038959   0.217121  -0.041993
     21       0.157489  -0.019468  -0.179733   0.138427   0.134020   0.001335
     22      -0.005696   0.313446   0.066137  -0.018054   0.348144  -0.095247
     23       0.012274  -0.239516  -0.059434  -0.014391  -0.196767   0.022976
     24       0.320944  -0.058076  -0.071520  -0.057331   0.070499  -0.005146
     25      -0.011560   0.177890  -0.288660   0.001173  -0.334963   0.052278
     26       0.255987   0.175498  -0.074103   0.286810  -0.225721   0.029856
     27       0.311989   0.063602   0.044514  -0.058173  -0.086887   0.017912
     28      -0.020782   0.185820  -0.298117   0.012555  -0.345075   0.053213
     29       0.242237  -0.164705   0.059284   0.270157   0.215809  -0.015196
     30       0.140576   0.003789   0.013665  -0.037849   0.006938   0.031573
     31      -0.005569   0.125063   0.390378  -0.070737   0.259121   0.977022
     32      -0.051484   0.003978   0.010431  -0.451721   0.009163   0.047411
     33      -0.136741  -0.004925   0.009790  -0.080405  -0.000491  -0.003763
     34       0.004359  -0.137103   0.232641   0.005941   0.030733  -0.005120
     35      -0.017138  -0.004204   0.005887  -0.197655  -0.002190  -0.002878
     36      -0.530386   0.002261   0.002938   0.096605   0.000700  -0.000073
     37       0.031371   0.013646   0.055549  -0.004326  -0.003105   0.002000
     38      -0.323444   0.001009   0.001265  -0.003268  -0.000095   0.001335
     39      -0.047838   0.007550   0.001475   0.351519   0.007192   0.007611
     40       0.005403   0.167246  -0.022924  -0.016161   0.011963  -0.003658
     41      -0.053518   0.004993  -0.000262   0.097494   0.002857   0.004532
                 12         13         14         15         16         17    
      0      -0.112846  -0.205244  -0.290710  -0.022158  -0.119394   0.000994
      1       0.002713   0.006518   0.010093   0.004352   0.004093   0.002689
      2      -0.144123   0.047009  -0.036714  -0.001020   0.016363  -0.000187
      3      -0.073795   0.118086   0.168047   0.018567   0.266546  -0.006125
      4       0.007375  -0.014900  -0.025975   0.096497  -0.012995  -0.111218
      5      -0.040136   0.183420  -0.203184  -0.009507   0.220947  -0.004578
      6       0.074105  -0.136523   0.194240   0.010971   0.097639  -0.002025
      7      -0.008418   0.009167   0.000164  -0.022649  -0.002663  -0.034684
      8       0.258027  -0.068225  -0.065349  -0.007613  -0.064143  -0.000567
      9       0.121633  -0.240097  -0.083094  -0.009642  -0.050868   0.000464
     10      -0.015523   0.011309  -0.001913  -0.004878   0.000861   0.001372
     11       0.206516  -0.075364   0.162019   0.008331   0.010393   0.000527
     12       0.180052  -0.220942   0.364154   0.099925   0.042128  -0.091509
     13      -0.014065   0.017360   0.015536  -0.088378   0.006287   0.159962
     14       0.258292  -0.069886  -0.026084  -0.101125  -0.048373   0.277702
     15       0.173480  -0.213233   0.402217  -0.059184   0.030519   0.102886
     16       0.001201   0.010986   0.006195  -0.089582  -0.023236   0.171990
     17       0.243618  -0.075908  -0.077293   0.083202  -0.030086  -0.267107
     18       0.271222  -0.329233  -0.102401   0.006619  -0.118158   0.058055
     19      -0.027930   0.014516  -0.014619   0.010504   0.001000   0.063403
     20       0.199318  -0.070682   0.146106   0.032078   0.008191   0.096596
     21       0.275923  -0.326401  -0.091013  -0.031519  -0.118468  -0.049921
     22      -0.015018   0.010082   0.005607   0.014762   0.006593   0.073442
     23       0.201851  -0.066191   0.155830  -0.015181   0.006584  -0.090937
     24      -0.273643   0.241068   0.345111  -0.304388   0.459684   0.068927
     25       0.004363  -0.003600   0.076530  -0.232945  -0.039637   0.153167
     26      -0.090381   0.221013  -0.009181  -0.571766   0.231702   0.407264
     27      -0.248759   0.194556   0.180452   0.300297   0.468373  -0.043015
     28       0.008745   0.014242   0.056940  -0.298677  -0.035757   0.185698
     29      -0.058753   0.146806  -0.306830   0.523715   0.274944  -0.391017
     30       0.083705  -0.239169  -0.099345  -0.010761  -0.070495   0.000225
     31       0.109363  -0.003741   0.034335  -0.000250   0.007618  -0.012175
     32      -0.395835   0.088772  -0.292701  -0.016872  -0.050773  -0.000439
     33       0.135398   0.398524  -0.063466  -0.002443  -0.110657  -0.007191
     34      -0.007091  -0.019403   0.014242  -0.046958   0.008920  -0.166316
     35       0.028917   0.187132   0.038252   0.004982  -0.221365  -0.005313
     36       0.052621  -0.014130  -0.103584  -0.007499   0.266259   0.022773
     37       0.001655   0.002979  -0.018290   0.086566  -0.011203   0.538868
     38      -0.069952  -0.201406   0.009588  -0.000146   0.154904   0.016535
     39      -0.173504   0.052970   0.138423   0.012915  -0.282009  -0.007241
     40       0.010453   0.004551   0.002076  -0.043069   0.012988  -0.168660
     41      -0.168449  -0.146683   0.122416   0.008087  -0.089085  -0.004896
                 18         19         20         21         22         23    
      0       0.000222  -0.029221  -0.005088   0.158849   0.119719   0.061567
      1       0.016085  -0.006393   0.018803  -0.002434   0.001206   0.001974
      2       0.000983   0.011791   0.000816  -0.145376  -0.072948  -0.058120
      3       0.003717   0.129653   0.024753  -0.021955   0.207658  -0.108501
      4       0.025332  -0.011761   0.004221   0.004979  -0.009545  -0.004756
      5       0.002156   0.001108  -0.005519  -0.069116  -0.022879   0.173776
      6      -0.002431   0.054486   0.022420   0.021895  -0.196171   0.227071
      7      -0.073923  -0.021744   0.052202  -0.015726   0.018800   0.001843
      8      -0.002169   0.126051   0.048538   0.158423  -0.048506  -0.161234
      9      -0.002677  -0.038474  -0.020267  -0.278047  -0.101971  -0.119250
     10      -0.044538   0.037168  -0.080765   0.020335  -0.015518  -0.003999
     11      -0.003211  -0.139857  -0.049053   0.031013   0.212164   0.073085
     12       0.124360  -0.105770   0.361266   0.219226  -0.263129   0.294967
     13       0.225526   0.016056  -0.090120   0.005818   0.003815   0.014021
     14       0.444448   0.159940  -0.121023   0.217953  -0.077582  -0.128216
     15      -0.105856   0.152039  -0.313500   0.292838  -0.333342   0.266895
     16       0.264167   0.027905  -0.073558  -0.018201   0.001093  -0.035532
     17      -0.430069   0.061080   0.205297   0.169204  -0.027373  -0.106507
     18       0.208587  -0.112857   0.090388  -0.143919  -0.086343  -0.287505
     19       0.183386  -0.029144   0.107083  -0.023682  -0.000499  -0.006551
     20       0.346466  -0.240446   0.232619  -0.051239   0.222479   0.035493
     21      -0.195500  -0.023939  -0.111071  -0.131572  -0.092424  -0.261577
     22       0.220222  -0.048353   0.129959   0.003489   0.020441   0.038209
     23      -0.335272  -0.031396  -0.313318   0.024458   0.153690   0.001732
     24      -0.177268  -0.672979   0.360919   0.349360  -0.263230  -0.463156
     25       0.046733  -0.001580  -0.122095   0.064145  -0.084017  -0.045045
     26      -0.008575  -0.200706  -0.117851   0.131738  -0.283639   0.020013
     27       0.163583  -0.321266  -0.550229   0.449900  -0.342877  -0.482564
     28       0.035034   0.144686  -0.063897  -0.089045   0.116354   0.080868
     29       0.004774  -0.271547   0.019560   0.123028  -0.277152   0.015920
     30      -0.003117  -0.210653  -0.081611  -0.241595   0.309086   0.152712
     31      -0.031083  -0.001942  -0.008182  -0.010783   0.001177   0.000743
     32       0.001313   0.253425   0.100875   0.404758  -0.320066  -0.176658
     33       0.000312  -0.015330  -0.003421   0.006741  -0.009475  -0.004511
     34       0.013526   0.003063  -0.005208   0.000524   0.000236  -0.000430
     35       0.000035  -0.006359  -0.001827  -0.011541  -0.008982   0.021526
     36      -0.001716   0.002580   0.001928   0.006453   0.003845  -0.007921
     37      -0.049199  -0.008201   0.022340  -0.003319   0.002036   0.001831
     38      -0.001182   0.009311   0.003141   0.004608   0.006962  -0.008770
     39       0.000404  -0.001300  -0.000862  -0.008950  -0.003551   0.012095
     40       0.014604   0.001423  -0.005008   0.000883  -0.000755  -0.000080
     41       0.000568   0.013963   0.003484   0.007495   0.012280  -0.021475
                 24         25         26         27         28         29    
      0      -0.002110  -0.013807  -0.008999   0.000262   0.001702   0.000495
      1      -0.051337   0.004689  -0.001583   0.024284  -0.001239   0.000561
      2      -0.004162  -0.045989  -0.002450  -0.001410   0.040505   0.006286
      3       0.003589   0.011762  -0.056553   0.001838   0.015343   0.007177
      4       0.021889  -0.004076  -0.002126   0.024833  -0.016795   0.084545
      5       0.005468   0.036901   0.009637   0.001198   0.030630   0.008540
      6      -0.003177  -0.025441  -0.025050  -0.005196  -0.140654  -0.023700
      7      -0.071455   0.011703   0.014929  -0.107491   0.017539  -0.070086
      8      -0.010217  -0.090183  -0.061705  -0.005399  -0.016795  -0.004844
      9       0.002774   0.006790  -0.001047   0.004661  -0.025655  -0.006599
     10       0.134780  -0.011815  -0.005228   0.045199   0.006700  -0.022996
     11       0.009475   0.067536   0.015886   0.004017  -0.048816  -0.008635
     12       0.274947   0.037665   0.212650   0.236477   0.717535  -0.439464
     13       0.026827   0.000066  -0.041889   0.026008   0.009675   0.036383
     14       0.154797  -0.102884  -0.139435   0.216213   0.057883   0.120933
     15      -0.260702   0.078046   0.242768  -0.238061   0.521779   0.636627
     16       0.057076  -0.006196   0.023233   0.060495  -0.067421  -0.003548
     17      -0.167841  -0.070175  -0.089414  -0.221764   0.092874  -0.102369
     18       0.449064   0.405589   0.213470  -0.582875   0.147999   0.075991
     19      -0.133961   0.001178   0.003848   0.015958   0.000923  -0.001665
     20      -0.364346   0.121090   0.050507  -0.066815  -0.044868   0.035279
     21      -0.402530   0.424339   0.111251   0.588010   0.187398  -0.019086
     22      -0.133310  -0.020750  -0.015366  -0.028527  -0.008379   0.001337
     23       0.366991   0.076054   0.034653   0.074836  -0.032214  -0.045437
     24       0.192971  -0.097127  -0.195581   0.172842  -0.084436   0.367471
     25      -0.056834  -0.025601  -0.000034  -0.045917  -0.035659  -0.087848
     26      -0.067083  -0.032086  -0.035616  -0.059632  -0.031170  -0.166809
     27      -0.239750  -0.061595  -0.154775  -0.188440   0.054850  -0.399104
     28      -0.031316   0.042648   0.026085  -0.032058   0.065280  -0.045241
     29       0.046100  -0.040573  -0.049928   0.050805  -0.081211   0.134094
     30      -0.021919  -0.479133  -0.077983  -0.019133   0.191108   0.031445
     31       0.003237  -0.008020  -0.000893  -0.002370   0.002017   0.005038
     32       0.027591   0.587402   0.090577   0.022691  -0.221672  -0.036162
     33      -0.001027  -0.012951   0.412155   0.003508  -0.011683  -0.001535
     34      -0.000816   0.000130  -0.004589  -0.000727   0.000227  -0.000628
     35       0.001181   0.016386  -0.414707  -0.003621   0.010634   0.001322
     36       0.000245   0.002097  -0.159671  -0.001350   0.009380   0.001370
     37       0.004245  -0.000337   0.009469   0.002725  -0.000929   0.002442
     38       0.000208   0.000668  -0.103905  -0.000885   0.005617   0.000857
     39       0.000613   0.009497  -0.236347  -0.002000   0.004971   0.000480
     40      -0.000834   0.000137  -0.006042  -0.000176   0.000331   0.000114
     41      -0.001166  -0.020152   0.529860   0.004654  -0.016510  -0.001799
                 30         31         32         33         34         35    
      0       0.004079  -0.004514   0.004155  -0.000218  -0.000239  -0.002176
      1      -0.001645  -0.000026   0.000142   0.000026   0.000029   0.000054
      2       0.054417   0.004513  -0.010068   0.000811  -0.000366   0.000842
      3      -0.003899  -0.001091  -0.002872  -0.049012  -0.005067   0.000541
      4       0.000044   0.000545   0.000080  -0.000017   0.000058   0.000062
      5      -0.008798  -0.003272   0.001044   0.059598   0.006233   0.000136
      6       0.085641   0.013729   0.003423   0.023578  -0.000693  -0.001292
      7      -0.004052   0.001317   0.000791  -0.001597   0.000101   0.000121
      8       0.013292  -0.079057  -0.024809   0.021237  -0.001728  -0.001457
      9      -0.166717   0.000761   0.008973  -0.003431  -0.000173   0.002406
     10       0.007715  -0.000623   0.002510   0.000241  -0.000027  -0.000740
     11      -0.056314   0.022579  -0.077798  -0.002632   0.000926   0.065216
     12      -0.215425  -0.083602   0.001267  -0.051342   0.002733  -0.000566
     13      -0.015131   0.401508   0.128373  -0.024202   0.004254  -0.010295
     14      -0.028065   0.533139   0.171688  -0.019738  -0.003372   0.005401
     15      -0.221957  -0.108725  -0.007431  -0.049717   0.001847   0.000082
     16       0.033494  -0.427426  -0.138730   0.028896  -0.004082   0.009794
     17      -0.028961   0.500786   0.162203  -0.017799  -0.003701   0.006067
     18       0.564835   0.041566  -0.068554  -0.001448   0.001506   0.026920
     19       0.044250  -0.122500   0.389411  -0.005969  -0.000411   0.588981
     20       0.043269  -0.172299   0.541190  -0.011848   0.000719  -0.364948
     21       0.589549   0.051711  -0.098573   0.000080   0.001636  -0.010540
     22      -0.083022   0.131684  -0.422021   0.006882   0.000237  -0.581292
     23       0.038368  -0.163011   0.512993  -0.011206   0.000832  -0.420246
     24      -0.009382   0.009952   0.005118   0.246862   0.019690   0.001215
     25       0.026100  -0.015699  -0.012421  -0.406294   0.003448   0.000194
     26       0.031965  -0.027761  -0.017433  -0.515935   0.013621  -0.000753
     27      -0.007224   0.008596   0.006872   0.285891   0.021840   0.001635
     28      -0.027331   0.016262   0.013434   0.418629  -0.006248  -0.001231
     29       0.029247  -0.025298  -0.016759  -0.485986   0.014042  -0.001541
     30       0.272942  -0.004295  -0.011925   0.004413  -0.000939  -0.004243
     31       0.003848   0.000005  -0.000198   0.000119  -0.000011  -0.000046
     32      -0.320880   0.003565   0.013851  -0.005687   0.000789   0.002566
     33      -0.000766   0.005364   0.000562   0.001928  -0.241208   0.000230
     34      -0.000017  -0.000074   0.000014  -0.000076   0.003167  -0.000005
     35       0.000139  -0.003785  -0.000400  -0.000622   0.227490  -0.000028
     36      -0.000669  -0.005254  -0.000635  -0.001260   0.493718  -0.000361
     37      -0.000021   0.000331   0.000026   0.000011   0.001325   0.000013
     38      -0.000042  -0.003514  -0.000419  -0.000857  -0.728334  -0.000302
     39       0.000146  -0.001486  -0.000118  -0.000369  -0.127162  -0.000006
     40       0.000010  -0.000128  -0.000066  -0.000064  -0.004119  -0.000034
     41       0.000286   0.006276   0.000727   0.001610   0.313361   0.000158
                 36         37         38         39         40         41    
      0      -0.000005   0.000432  -0.000011   0.000093   0.000001   0.050980
      1       0.000185  -0.000019  -0.000145  -0.000012   0.000075  -0.003274
      2      -0.000011  -0.000074   0.000006  -0.000025   0.000013   0.036086
      3       0.000071  -0.000493  -0.000105  -0.012493  -0.002884  -0.000096
      4       0.000006   0.000047  -0.002008  -0.005161  -0.081304   0.000001
      5      -0.000077  -0.000956   0.000009   0.055434  -0.005516   0.000028
      6       0.000425  -0.002162   0.003481   0.001430  -0.000150  -0.000199
      7       0.012985  -0.000457   0.093987  -0.000320  -0.002385   0.000008
      8       0.000262   0.067303   0.001931   0.001770  -0.000119  -0.000168
      9      -0.003013  -0.001331   0.000526  -0.000007  -0.000012   0.000303
     10      -0.094234   0.000029   0.015044  -0.000138   0.000155  -0.000091
     11      -0.002180   0.001100   0.000300  -0.000416   0.000101   0.001331
     12      -0.007954   0.037996  -0.035302   0.001348   0.002727  -0.000237
     13      -0.087563   0.581696  -0.584808   0.010427   0.012295   0.000288
     14       0.061177  -0.374399   0.398891  -0.006903  -0.007596  -0.000230
     15       0.001838  -0.003518  -0.006160   0.000536  -0.001953  -0.000240
     16      -0.080505  -0.576521  -0.537163  -0.008144   0.012489  -0.000232
     17      -0.064646  -0.427211  -0.421887  -0.006254   0.008850  -0.000213
     18       0.020695   0.000977  -0.000480  -0.001587  -0.001234  -0.002657
     19       0.587049   0.009417  -0.088389  -0.000163  -0.000045  -0.000190
     20      -0.395770  -0.006732   0.057934  -0.000514  -0.000531   0.001804
     21       0.015594   0.000380  -0.005029  -0.001223   0.001196  -0.002717
     22       0.537376  -0.009370  -0.080435   0.001725  -0.001306   0.000186
     23       0.421955  -0.007590  -0.061594   0.000712  -0.000303   0.001745
     24       0.000665  -0.000513  -0.004110   0.103035   0.086869   0.000099
     25       0.001411  -0.010120   0.013551   0.620503   0.549534   0.000259
     26      -0.001657   0.006234  -0.009486  -0.384000  -0.374383  -0.000136
     27      -0.000954   0.000442   0.005213   0.047480  -0.045628   0.000076
     28       0.002843   0.009730   0.010967  -0.547340   0.581331  -0.000194
     29       0.002655   0.007097   0.009445  -0.389274   0.450733  -0.000107
     30       0.000132   0.001719  -0.000109   0.000553   0.000028  -0.803567
     31       0.005331   0.000035  -0.001462  -0.000030   0.000007   0.052650
     32       0.000202  -0.001283  -0.000036   0.000052   0.000035  -0.589553
     33      -0.000002  -0.000424   0.000006  -0.000145   0.000000  -0.000018
     34      -0.000026   0.000014  -0.000004   0.000008  -0.000125   0.000006
     35       0.000005  -0.000040   0.000002   0.000014  -0.000012  -0.000007
     36       0.000003   0.000816  -0.000019   0.000773  -0.000015   0.000033
     37      -0.000008  -0.000062  -0.000084  -0.000020   0.000311   0.000002
     38       0.000005   0.001111  -0.000023   0.000729  -0.000022   0.000006
     39      -0.000005   0.000072  -0.000000  -0.000119   0.000009   0.000006
     40      -0.000020   0.000025  -0.000011   0.000030  -0.000055   0.000003
     41       0.000002  -0.000588   0.000011  -0.000552   0.000019  -0.000017
# -----------------------------------------------------------
$ THERMOCHEMISTRY_Energies
   description: The Thermochemistry energies
   geom. index: 1
   prop. index: 1
        Temperature (Kelvin)           :        298.1500000000
        Pressure (atm)                 :          1.0000000000
        Total Mass (AMU)               :        105.0930000000
        Spin Degeneracy                :          1.0000000000
        Electronic Energy (Hartree)    :       -399.0921941307
        Translational Energy (Hartree) :          0.0014162714
        Rotational Energy (Hartree)    :          0.0014162714
        Vibrational Energy (Hartree)   :          0.0047556241
        Number of frequencies          :     42      
        Scaling Factor for frequencies :          1.0000000000
        Vibrational frequencies        :     
                  0    
      0       0.000000
      1       0.000000
      2       0.000000
      3       0.000000
      4       0.000000
      5       0.000000
      6     -305.403781
      7     -65.197024
      8      45.568329
      9      90.030030
     10     116.534805
     11     199.891019
     12     277.313996
     13     371.748457
     14     456.661646
     15     460.215967
     16     573.495931
     17     723.414271
     18     798.205896
     19     990.349891
     20     1017.031202
     21     1063.355027
     22     1077.584210
     23     1114.032909
     24     1224.257229
     25     1256.030174
     26     1315.094921
     27     1323.258986
     28     1383.748805
     29     1389.931717
     30     1476.437662
     31     1505.526327
     32     1540.593611
     33     1647.857379
     34     2126.598138
     35     3032.780723
     36     3066.899262
     37     3095.273908
     38     3142.203664
     39     3531.516140
     40     3606.090216
     41     3864.299720
        Zero Point Energy (Hartree)    :          0.1114111274
        Inner Energy (Hartree)         :       -398.9731948364
        Enthalpy (Hartree)             :       -398.9722506273
        Electronic entropy             :          0.0000000000
        Rotational entropy             :          0.0134030733
        Vibrational entropy            :          0.0084614872
        Translational entropy          :          0.0134030733
        Entropy                        :          0.0408061567
        Gibbs Energy (Hartree)         :       -399.0130567840
        Is Linear                      :                 false
# -----------------------------------------------------------
$ PAL_Flags
   description: The PAL Flags
   geom. index: 2
   prop. index: 1
        Diskflag:     2
# -----------------------------------------------------------
$ SCF_Energy
   description: The SCF energy
   geom. index: 2
   prop. index: 1
        SCF Energy:     -399.1010422765
# -----------------------------------------------------------
$ DFT_Energy
   description: The DFT energy
   geom. index: 2
   prop. index: 1
   Number of Alpha Electrons                 28.0000144116 
   Number of Beta  Electrons                 28.0000144116 
   Total number of  Electrons                56.0000288231 
   Exchange energy                          -37.3773862546 
   Correlation energy                        -1.8806878562 
   Correlation energy NL                      0.0000000000 
   Exchange-Correlation energy              -39.2580741109 
   Embedding correction                       0.0000000000 
   Total DFT Energy (No VdW correction)    -399.1010422765 
# -----------------------------------------------------------
$ Solvation_Details
   description: Details concerning solvation
   geom. index: 2
   prop. index: 1
     Epsilon:               78.3600000000
     Refrac:                 1.3300000000
     RSolv:                  1.3000000000
     Surface Type:                      2
     Number of Points:               1038
     Surface Area:         484.3153134090
     Dielectric Energy:     -0.0392872557
# -----------------------------------------------------------
$ PAL_Flags
   description: The PAL Flags
   geom. index: 3
   prop. index: 1
        Diskflag:     2
# -----------------------------------------------------------
$ SCF_Energy
   description: The SCF energy
   geom. index: 3
   prop. index: 1
        SCF Energy:     -399.1009376919
# -----------------------------------------------------------
$ DFT_Energy
   description: The DFT energy
   geom. index: 3
   prop. index: 1
   Number of Alpha Electrons                 28.0000201412 
   Number of Beta  Electrons                 28.0000201412 
   Total number of  Electrons                56.0000402824 
   Exchange energy                          -37.3754719111 
   Correlation energy                        -1.8798750627 
   Correlation energy NL                      0.0000000000 
   Exchange-Correlation energy              -39.2553469737 
   Embedding correction                       0.0000000000 
   Total DFT Energy (No VdW correction)    -399.1009376919 
# -----------------------------------------------------------
$ Solvation_Details
   description: Details concerning solvation
   geom. index: 3
   prop. index: 1
     Epsilon:               78.3600000000
     Refrac:                 1.3300000000
     RSolv:                  1.3000000000
     Surface Type:                      2
     Number of Points:               1043
     Surface Area:         486.5751823867
     Dielectric Energy:     -0.0376477428
# -----------------------------------------------------------
$ PAL_Flags
   description: The PAL Flags
   geom. index: 4
   prop. index: 1
        Diskflag:     2
# -----------------------------------------------------------
$ SCF_Energy
   description: The SCF energy
   geom. index: 4
   prop. index: 1
        SCF Energy:     -399.1009387643
# -----------------------------------------------------------
$ DFT_Energy
   description: The DFT energy
   geom. index: 4
   prop. index: 1
   Number of Alpha Electrons                 28.0000223209 
   Number of Beta  Electrons                 28.0000223209 
   Total number of  Electrons                56.0000446417 
   Exchange energy                          -37.3742054342 
   Correlation energy                        -1.8796631964 
   Correlation energy NL                      0.0000000000 
   Exchange-Correlation energy              -39.2538686307 
   Embedding correction                       0.0000000000 
   Total DFT Energy (No VdW correction)    -399.1009387643 
# -----------------------------------------------------------
$ Solvation_Details
   description: Details concerning solvation
   geom. index: 4
   prop. index: 1
     Epsilon:               78.3600000000
     Refrac:                 1.3300000000
     RSolv:                  1.3000000000
     Surface Type:                      2
     Number of Points:               1042
     Surface Area:         487.6359245674
     Dielectric Energy:     -0.0373718644
# -----------------------------------------------------------
$ PAL_Flags
   description: The PAL Flags
   geom. index: 5
   prop. index: 1
        Diskflag:     2
# -----------------------------------------------------------
$ SCF_Energy
   description: The SCF energy
   geom. index: 5
   prop. index: 1
        SCF Energy:     -399.1009429866
# -----------------------------------------------------------
$ DFT_Energy
   description: The DFT energy
   geom. index: 5
   prop. index: 1
   Number of Alpha Electrons                 28.0000213912 
   Number of Beta  Electrons                 28.0000213912 
   Total number of  Electrons                56.0000427823 
   Exchange energy                          -37.3750546439 
   Correlation energy                        -1.8797828937 
   Correlation energy NL                      0.0000000000 
   Exchange-Correlation energy              -39.2548375376 
   Embedding correction                       0.0000000000 
   Total DFT Energy (No VdW correction)    -399.1009429866 
# -----------------------------------------------------------
$ Solvation_Details
   description: Details concerning solvation
   geom. index: 5
   prop. index: 1
     Epsilon:               78.3600000000
     Refrac:                 1.3300000000
     RSolv:                  1.3000000000
     Surface Type:                      2
     Number of Points:               1038
     Surface Area:         487.2960219461
     Dielectric Energy:     -0.0375415541
# -----------------------------------------------------------
$ PAL_Flags
   description: The PAL Flags
   geom. index: 6
   prop. index: 1
        Diskflag:     2
# -----------------------------------------------------------
$ SCF_Energy
   description: The SCF energy
   geom. index: 6
   prop. index: 1
        SCF Energy:     -399.1009450867
# -----------------------------------------------------------
$ DFT_Energy
   description: The DFT energy
   geom. index: 6
   prop. index: 1
   Number of Alpha Electrons                 28.0000226092 
   Number of Beta  Electrons                 28.0000226092 
   Total number of  Electrons                56.0000452184 
   Exchange energy                          -37.3750651837 
   Correlation energy                        -1.8797756365 
   Correlation energy NL                      0.0000000000 
   Exchange-Correlation energy              -39.2548408201 
   Embedding correction                       0.0000000000 
   Total DFT Energy (No VdW correction)    -399.1009450867 
# -----------------------------------------------------------
$ Solvation_Details
   description: Details concerning solvation
   geom. index: 6
   prop. index: 1
     Epsilon:               78.3600000000
     Refrac:                 1.3300000000
     RSolv:                  1.3000000000
     Surface Type:                      2
     Number of Points:               1043
     Surface Area:         487.2326209164
     Dielectric Energy:     -0.0375038924
# -----------------------------------------------------------
$ PAL_Flags
   description: The PAL Flags
   geom. index: 7
   prop. index: 1
        Diskflag:     2
# -----------------------------------------------------------
$ SCF_Energy
   description: The SCF energy
   geom. index: 7
   prop. index: 1
        SCF Energy:     -399.1009462439
# -----------------------------------------------------------
$ DFT_Energy
   description: The DFT energy
   geom. index: 7
   prop. index: 1
   Number of Alpha Electrons                 28.0000223741 
   Number of Beta  Electrons                 28.0000223741 
   Total number of  Electrons                56.0000447483 
   Exchange energy                          -37.3749966319 
   Correlation energy                        -1.8797747409 
   Correlation energy NL                      0.0000000000 
   Exchange-Correlation energy              -39.2547713727 
   Embedding correction                       0.0000000000 
   Total DFT Energy (No VdW correction)    -399.1009462439 
# -----------------------------------------------------------
$ Solvation_Details
   description: Details concerning solvation
   geom. index: 7
   prop. index: 1
     Epsilon:               78.3600000000
     Refrac:                 1.3300000000
     RSolv:                  1.3000000000
     Surface Type:                      2
     Number of Points:               1041
     Surface Area:         487.3423762026
     Dielectric Energy:     -0.0375192011
# -----------------------------------------------------------
$ PAL_Flags
   description: The PAL Flags
   geom. index: 8
   prop. index: 1
        Diskflag:     2
# -----------------------------------------------------------
$ SCF_Energy
   description: The SCF energy
   geom. index: 8
   prop. index: 1
        SCF Energy:     -399.1009463258
# -----------------------------------------------------------
$ DFT_Energy
   description: The DFT energy
   geom. index: 8
   prop. index: 1
   Number of Alpha Electrons                 28.0000224609 
   Number of Beta  Electrons                 28.0000224609 
   Total number of  Electrons                56.0000449218 
   Exchange energy                          -37.3749860849 
   Correlation energy                        -1.8797748837 
   Correlation energy NL                      0.0000000000 
   Exchange-Correlation energy              -39.2547609686 
   Embedding correction                       0.0000000000 
   Total DFT Energy (No VdW correction)    -399.1009463258 
# -----------------------------------------------------------
$ Solvation_Details
   description: Details concerning solvation
   geom. index: 8
   prop. index: 1
     Epsilon:               78.3600000000
     Refrac:                 1.3300000000
     RSolv:                  1.3000000000
     Surface Type:                      2
     Number of Points:               1040
     Surface Area:         487.3532581707
     Dielectric Energy:     -0.0375231412
# -----------------------------------------------------------
$ Mayer_Pop
   description: The Mayer population analysis
   geom. index: 8
   prop. index: 1
     Number of atoms                     : 14
     Threshold for printing              : 0.1000000
     Number of bond orders printed       : 14
  NA   - Mulliken gross atomic population
  ZA   - Total nuclear charge
  QA   - Mulliken gross atomic charge
  VA   - Mayer's total valence
  BVA  - Mayer's bonded valence
  FA   - Mayer's free valence
  ATOM       NA         ZA         QA         VA         BVA        FA
  0   0     8.5927     8.0000    -0.5927     1.8197     1.8197     0.0000
  1   0     7.5136     7.0000    -0.5136     3.1164     3.1164    -0.0000
  2   0     6.0307     6.0000    -0.0307     3.8183     3.8183     0.0000
  3   0     6.0132     6.0000    -0.0132     4.0034     4.0034    -0.0000
  4   0     0.8881     1.0000     0.1119     0.9818     0.9818     0.0000
  5   0     0.8917     1.0000     0.1083     0.9846     0.9846     0.0000
  6   0     0.9006     1.0000     0.0994     0.9646     0.9646     0.0000
  7   0     0.9002     1.0000     0.0998     0.9646     0.9646     0.0000
  8   0     0.7294     1.0000     0.2706     0.9293     0.9293     0.0000
  9   0     0.7289     1.0000     0.2711     0.9287     0.9287    -0.0000
 10   0     0.6262     1.0000     0.3738     0.8730     0.8730     0.0000
 11   0     8.3519     8.0000    -0.3519     2.1408     2.1408     0.0000
 12   0     5.4832     6.0000     0.5168     4.3116     4.3116     0.0000
 13   0     8.3496     8.0000    -0.3496     2.1469     2.1469    -0.0000
      Bond orders larger than 0.1000000
           Atom A     A.N. of A          Atom B    A.N. of B              Bond order
                0             8               3            6                0.992727
                0             8              10            1                0.857023
                1             7               2            6                0.963370
                1             7               8            1                0.908607
                1             7               9            1                0.908832
                1             7              12            6                0.309724
                2             6               3            6                1.016804
                2             6               4            1                0.953930
                2             6               5            1                0.951581
                3             6               6            1                0.969828
                3             6               7            1                0.970321
               11             8              12            6                1.996862
               11             8              13            8                0.139421
               12             6              13            8                1.995160
# -----------------------------------------------------------
$ SCF_Electric_Properties
   description: The SCF Calculated Electric Properties
   geom. index: 8
   prop. index: 1
       Filename                          : tsopt.scfp 
       Do Dipole Moment Calculation      : true 
       Do Quadrupole Moment Calculation  : false 
       Do Polarizability Calculation     : false 
** Dipole moment part of electric properties **
        Magnitude of dipole moment (Debye) :        6.3445697896
        Electronic Contribution:
                  0    
      0      -7.675512
      1       0.234458
      2      -2.713376
        Nuclear Contribution:
                  0    
      0       9.136575
      1      -0.324178
      2       4.735191
        Total Dipole moment:
                  0    
      0       1.461063
      1      -0.089719
      2       2.021815
# -------------------------------------------------------------
----------------------- !GEOMETRIES! ------------------------
# -------------------------------------------------------------
------------------------ !GEOMETRY! -------------------------
    Number of atoms:    14 
    Geometry Index:     1 
    Coordinates:
               0 O      1.595110222134   -0.234334342615   -0.700429472912
               1 N     -2.039944508113   -0.126796860817   -0.102569339562
               2 C     -0.769205515792   -0.150448158019   -0.817739035183
               3 C      0.428568246555   -0.224511536060    0.109094038709
               4 H     -0.706070399310    0.748123238311   -1.428489240347
               5 H     -0.771408483574   -1.008451523764   -1.487152080814
               6 H      0.371569354248   -1.131390524964    0.717195381918
               7 H      0.430656492520    0.638263188535    0.780825580587
               8 H     -2.164455279426   -0.958313644837    0.461956133851
               9 H     -2.100883799001    0.669406829456    0.520329122582
              10 H      2.362099897860   -0.284566602603   -0.124637856456
              11 O     -4.582113131667   -0.009524123564   -0.484941218693
              12 C     -3.715231174020   -0.021769489785   -1.283958546192
              13 O     -3.285673972713   -0.006999776774   -2.380163808387
------------------------ !GEOMETRY! -------------------------
    Number of atoms:    14 
    Geometry Index:     2 
    Coordinates:
               0 O      1.615625923925   -0.244535889064   -0.690930536565
               1 N     -2.029187399774   -0.121822732464   -0.103496322118
               2 C     -0.757838122159   -0.141581504351   -0.815099907945
               3 C      0.438246250189   -0.227013237242    0.113624259886
               4 H     -0.688223987402    0.762123706518   -1.420236992517
               5 H     -0.757039160551   -0.995787489201   -1.491911360449
               6 H      0.376323272337   -1.136167586847    0.717437394482
               7 H      0.449519044355    0.634578447998    0.786089543020
               8 H     -2.141132649647   -0.953299613299    0.464124207109
               9 H     -2.085752065052    0.674941778542    0.519109322893
              10 H      2.377515936586   -0.292091028173   -0.106884584345
              11 O     -4.616675245950   -0.011797443120   -0.483012669624
              12 C     -3.784249970990   -0.027011035135   -1.310885142934
              13 O     -3.344113876167   -0.021849701661   -2.398607551793
------------------------ !GEOMETRY! -------------------------
    Number of atoms:    14 
    Geometry Index:     3 
    Coordinates:
               0 O      1.622603154528   -0.238423076372   -0.691512469366
               1 N     -2.026153489301   -0.112828805409   -0.099077496290
               2 C     -0.753221557866   -0.124819647796   -0.808592954622
               3 C      0.444288911526   -0.235338782370    0.116195895120
               4 H     -0.677748210397    0.790998948081   -1.395393057618
               5 H     -0.754731030989   -0.965211954470   -1.503342266099
               6 H      0.382269257712   -1.158268609518    0.698621407018
               7 H      0.462332736949    0.611054591826    0.807300736971
               8 H     -2.127087736998   -0.943047453948    0.472926261981
               9 H     -2.084240970478    0.684908574013    0.522146849303
              10 H      2.385340348993   -0.296951655024   -0.109131659708
              11 O     -4.637336181032    0.029017270142   -0.493984974455
              12 C     -3.817624882969   -0.041705129350   -1.328703180259
              13 O     -3.365672399978   -0.100697597306   -2.408133432877
------------------------ !GEOMETRY! -------------------------
    Number of atoms:    14 
    Geometry Index:     4 
    Coordinates:
               0 O      1.625555433752   -0.237794072624   -0.688234755622
               1 N     -2.024114470688   -0.107498664219   -0.101691971510
               2 C     -0.749791129821   -0.106264582523   -0.809569166698
               3 C      0.444656383385   -0.241349313742    0.115800885829
               4 H     -0.670685230808    0.822626964555   -1.374884073729
               5 H     -0.751435209458   -0.930726846947   -1.523266411378
               6 H      0.374522430731   -1.174634342306    0.680783839288
               7 H      0.466159259324    0.591883757393    0.822523941613
               8 H     -2.117164405596   -0.942389174651    0.465383318716
               9 H     -2.086519064548    0.685141769204    0.525820167171
              10 H      2.386451233758   -0.298272947646   -0.103663872783
              11 O     -4.636460203823    0.086455768820   -0.494113063533
              12 C     -3.826665757044   -0.055781971412   -1.330156073757
              13 O     -3.381491319464   -0.192709671401   -2.405413104508
------------------------ !GEOMETRY! -------------------------
    Number of atoms:    14 
    Geometry Index:     5 
    Coordinates:
               0 O      1.623167081157   -0.262890413863   -0.690228440651
               1 N     -2.024444978851   -0.104019840823   -0.101476933107
               2 C     -0.750126098423   -0.098792627527   -0.809223772283
               3 C      0.444116160380   -0.236442262521    0.115978226850
               4 H     -0.671994916201    0.830780273917   -1.373339792879
               5 H     -0.751007992667   -0.922456738202   -1.523970792067
               6 H      0.360996118607   -1.160093339432    0.694938205745
               7 H      0.479395028178    0.606772488625    0.810086790439
               8 H     -2.114914133502   -0.940816863921    0.462971309101
               9 H     -2.090843950158    0.686515268444    0.528348890612
              10 H      2.384692159754   -0.317394819376   -0.105900307296
              11 O     -4.637335976783    0.048585675259   -0.493235988428
              12 C     -3.822964181333   -0.062085032763   -1.329082338947
              13 O     -3.375716370456   -0.168975095317   -2.406545397989
------------------------ !GEOMETRY! -------------------------
    Number of atoms:    14 
    Geometry Index:     6 
    Coordinates:
               0 O      1.624471528345   -0.244010715164   -0.689060931712
               1 N     -2.024496088023   -0.104611812747   -0.101550741513
               2 C     -0.750440331426   -0.108531812151   -0.809601456750
               3 C      0.444394988506   -0.238147583843    0.116064953496
               4 H     -0.670962438897    0.816417939010   -1.381227500125
               5 H     -0.752830556036   -0.937778709921   -1.517771858488
               6 H      0.372690529944   -1.166105099027    0.689387983683
               7 H      0.468392890256    0.601378095919    0.815286887355
               8 H     -2.120831393730   -0.938357113903    0.466339593002
               9 H     -2.085966825618    0.689109693133    0.524641416865
              10 H      2.385576116621   -0.308738430426   -0.105234365367
              11 O     -4.637506602188    0.050250239968   -0.492162012778
              12 C     -3.823435386673   -0.055937371367   -1.328864418994
              13 O     -3.376038481380   -0.156250646981   -2.406927889574
------------------------ !GEOMETRY! -------------------------
    Number of atoms:    14 
    Geometry Index:     7 
    Coordinates:
               0 O      1.624233380966   -0.248937127090   -0.689254815101
               1 N     -2.024438005999   -0.104886550906   -0.101752757090
               2 C     -0.750186793793   -0.103656048593   -0.809550061050
               3 C      0.444274854491   -0.237317223440    0.115980566974
               4 H     -0.671449712548    0.823813940581   -1.377119698087
               5 H     -0.751643141577   -0.929885717780   -1.521273738734
               6 H      0.368572948747   -1.164790207578    0.689663464890
               7 H      0.471823655274    0.602335223594    0.814860446836
               8 H     -2.118340251340   -0.941252215741    0.462721708744
               9 H     -2.087990051906    0.686040364174    0.527824484039
              10 H      2.385241441320   -0.312298458388   -0.105152443294
              11 O     -4.636722526740    0.059263022716   -0.492812919128
              12 C     -3.823381052716   -0.058500450342   -1.328767731461
              13 O     -3.376976794477   -0.171241878709   -2.406046848438
------------------------ !GEOMETRY! -------------------------
    Number of atoms:    14 
    Geometry Index:     8 
    Coordinates:
               0 O      1.624218262389   -0.249593112816   -0.689296631468
               1 N     -2.024420734799   -0.104112461722   -0.101782561315
               2 C     -0.750146721207   -0.103083023403   -0.809534958065
               3 C      0.444239181397   -0.237907554584    0.115931304819
               4 H     -0.670933932523    0.824754707812   -1.376434694749
               5 H     -0.751979226030   -0.928806652569   -1.521848106201
               6 H      0.368050436926   -1.165670785110    0.689100382718
               7 H      0.472217291043    0.601334761952    0.815274632053
               8 H     -2.118474982365   -0.940354663397    0.462846236156
               9 H     -2.087924305263    0.686939750604    0.527626381285
              10 H      2.385270459098   -0.311650750685   -0.105108564690
              11 O     -4.636775518166    0.059163616698   -0.492887974835
              12 C     -3.823374602088   -0.059289604150   -1.328698312365
              13 O     -3.376947658712   -0.173037556132   -2.405867474243
